myMatrix00 = 1.543;

myMatrix01 = [1,2; 4,3];

myMatrix02 = [4,1,7; 6,1,8];

myMatrix03 = [1 2; 4 3];

myMatrix04 = [4 1 7; 6 1 8];

myMatrix05 = [9, 3, 5, 1, 8, 7, 5, 0, 6];

myMatrix06 = [2; 7; 4; 1; 6; 5; 1; 2; 4];